     0/299     1.96G   0.08952   0.03898   0.05305    0.1815        44       640    0.1667  0.009804   0.02357  0.005241    0.0808   0.02193   0.04549
     1/299     3.25G   0.06882   0.04181   0.04249    0.1531        38       640    0.1107   0.01948   0.09429   0.03053   0.06359   0.02463    0.0345
     2/299     3.25G   0.05688   0.04066   0.03009    0.1276        53       640    0.2972    0.4565    0.4369    0.1425   0.05329   0.02006   0.01792
     3/299     3.25G   0.05368   0.03651   0.01829    0.1085        42       640    0.2511    0.4275    0.3463    0.1211   0.05665   0.01924   0.01834
     4/299     3.25G   0.05376   0.03533     0.013    0.1021        51       640    0.3174    0.4763    0.4608     0.193   0.05372   0.01694   0.01054
     5/299     3.25G   0.05223   0.03471   0.01094   0.09788        41       640    0.5095    0.6487     0.604    0.2575   0.05551   0.01558  0.005567
     6/299     3.25G   0.05027   0.03412  0.009094   0.09348        42       640    0.2721    0.5411    0.4526    0.1651   0.05252   0.01803  0.003102
     7/299     3.25G   0.05099   0.03446  0.009834   0.09528        38       640      0.39    0.4488    0.5042    0.2214   0.05283   0.01815  0.005373
     8/299     3.25G   0.05203   0.03535   0.01106   0.09844        50       640    0.4574    0.3756     0.481    0.1508   0.05187   0.01902  0.003207
     9/299     3.25G   0.05118   0.03477  0.009479   0.09543        41       640    0.2814    0.4776    0.3982    0.1294   0.05477   0.01913  0.002858
    10/299     3.25G   0.04805   0.03429  0.008862    0.0912        37       640    0.4474    0.4354    0.4759    0.1523   0.05534   0.01767  0.002659
    11/299     3.25G   0.04713   0.03553  0.008357   0.09102        57       640    0.3539    0.5468    0.5771    0.2108   0.04266   0.01768  0.002422
    12/299     3.25G   0.04556   0.03495  0.008361   0.08887        46       640    0.3722    0.6819    0.5809    0.2719   0.04337   0.01788  0.001804
    13/299     3.25G   0.04546   0.03429  0.006563   0.08631        50       640    0.4471    0.4887    0.5468    0.2346   0.04935     0.017  0.004107
    14/299     3.25G   0.04405   0.03365  0.006567   0.08427        42       640    0.5306    0.5305      0.48    0.1962   0.04028   0.01869  0.003169
    15/299     3.25G   0.04338   0.03418  0.005279   0.08284        31       640    0.4013    0.7138    0.6744     0.331   0.04199   0.01682  0.001664
    16/299     3.25G   0.04288   0.03366  0.004754   0.08129        60       640    0.4032    0.7035    0.6244    0.2911    0.0456   0.01875  0.001946
    17/299     3.25G   0.04245   0.03301  0.005353   0.08081        52       640    0.4675    0.7518    0.6132    0.3071   0.04265   0.01632  0.002696
    18/299     3.25G   0.04116   0.03266  0.005027   0.07885        27       640    0.3978    0.6564     0.578    0.2929   0.03789   0.01684    0.0016
    19/299     3.25G   0.04097   0.03286  0.004745   0.07857        33       640    0.5925    0.7805     0.702    0.3422   0.04063   0.01593  0.001245
    20/299     3.25G   0.04041   0.03445  0.004638    0.0795        52       640    0.4976    0.6824     0.644    0.2432   0.04379   0.01689  0.001496
    21/299     3.25G   0.04029   0.03299  0.004888   0.07816        47       640    0.5249     0.758    0.7191    0.3507   0.03871   0.01664  0.001265
    22/299     3.25G   0.03977   0.03323  0.004987   0.07799        49       640    0.5395    0.7781    0.6844    0.3525    0.0389   0.01622  0.001646
    23/299     3.25G   0.04003   0.03293  0.004482   0.07745        31       640    0.4739    0.5325    0.5415    0.2293   0.05495   0.01699  0.001308
    24/299     3.25G   0.03997   0.03354  0.005056   0.07856        41       640    0.4589    0.7526    0.6731    0.3155   0.03845   0.01623  0.001352
    25/299     3.25G   0.04009   0.03188   0.00474   0.07671        48       640    0.4751    0.7495    0.6186    0.2502   0.04253   0.01776  0.001146
    26/299     3.25G   0.03927   0.03266  0.004009   0.07594        35       640    0.4224    0.7388    0.6298     0.271   0.03996   0.01663   0.00109
    27/299     3.25G   0.03884   0.03258  0.003319   0.07473        58       640    0.5423    0.7259    0.6715    0.3111   0.04019   0.01673  0.001349
    28/299     3.25G   0.03837   0.03215  0.003554   0.07408        42       640    0.5266    0.7691    0.6551    0.3229   0.04098   0.01634   0.00131
    29/299     3.25G   0.03916   0.03193   0.00337   0.07445        44       640      0.54    0.6623    0.5938    0.2321   0.04928   0.01668  0.001001
    30/299     3.25G   0.03901   0.03236  0.004091   0.07545        34       640    0.4416    0.6569    0.6268    0.3087    0.0362   0.01683  0.001191
    31/299     3.25G   0.03864   0.03227  0.003637   0.07455        45       640    0.4072    0.6135    0.6085    0.2905   0.04317   0.01726  0.001207
    32/299     3.25G   0.03775   0.03232  0.003833    0.0739        45       640    0.5043    0.7609    0.6569    0.3161   0.04261    0.0169   0.00138
    33/299     3.25G   0.03817   0.03234  0.003571   0.07408        46       640    0.5089    0.6303    0.6068    0.2192   0.04388   0.01705  0.001092
    34/299     3.25G   0.03768   0.03163  0.003042   0.07236        62       640    0.4321     0.551    0.5552    0.2165   0.04332   0.01813  0.001342
    35/299     3.25G   0.03742   0.03223  0.003008   0.07266        43       640    0.3926    0.6281    0.5478    0.2331   0.04522   0.01735  0.001252
    36/299     3.25G   0.03742   0.03237  0.003132   0.07293        39       640    0.5022    0.7142    0.6554    0.2945   0.04492   0.01729  0.001502
    37/299     3.25G   0.03753   0.03181   0.00326    0.0726        49       640    0.4842    0.7613    0.6747    0.3397   0.04111    0.0161  0.001157
    38/299     3.25G   0.03761   0.03215  0.003009   0.07278        48       640     0.434    0.6816     0.624     0.244   0.04221   0.01693   0.00114
    39/299     3.25G   0.03648   0.03141  0.002779   0.07067        34       640    0.5299     0.828    0.7111    0.3146   0.04037   0.01677   0.00157
    40/299     3.25G   0.03769   0.03141   0.00276   0.07186        49       640    0.4561    0.6524    0.5901    0.2397   0.04341   0.01762  0.001344
    41/299     3.25G   0.03646    0.0319  0.002307   0.07066        41       640    0.5135    0.7225    0.6206    0.3302   0.04137   0.01731  0.001222
    42/299     3.25G   0.03634   0.03138  0.002694   0.07041        43       640    0.4298    0.7533    0.6514    0.3527   0.04153   0.01604 0.0009329
    43/299     3.25G   0.03623   0.03173  0.002717   0.07067        41       640    0.4611    0.7184    0.6822     0.324   0.03971   0.01739  0.001491
    44/299     3.25G   0.03661   0.03184   0.00264   0.07109        40       640    0.4896    0.7805    0.6994    0.3034   0.04446   0.01533 0.0008474
    45/299     3.25G   0.03619   0.03079  0.002538   0.06952        46       640    0.5249    0.7639    0.7383    0.3648   0.03929   0.01524   0.00091
    46/299     3.25G    0.0366   0.03175   0.00359   0.07194        55       640    0.4839    0.7353    0.6407    0.3229   0.04224   0.01643 0.0007971
    47/299     3.25G    0.0364   0.03116  0.002572   0.07013        33       640    0.4635    0.7004    0.6277    0.2888   0.03949   0.01706 0.0009376
    48/299     3.25G   0.03609   0.03031  0.002029   0.06843        41       640    0.5358    0.8114    0.7347    0.3771   0.03994   0.01561 0.0008806
    49/299     3.25G   0.03656    0.0315   0.00288   0.07094        47       640    0.4777     0.813    0.6414    0.3375   0.03575   0.01742 0.0008936
    50/299     3.25G   0.03676   0.03146  0.002808   0.07102        28       640    0.4601    0.6793     0.607    0.3232   0.04155   0.01658 0.0006906
    51/299     3.25G   0.03616   0.03089  0.002805   0.06985        38       640    0.4817    0.7951     0.658    0.3318   0.03894   0.01629 0.0009919
    52/299     3.25G    0.0358   0.03094  0.002369   0.06911        33       640    0.4892    0.7744    0.6338    0.3317   0.04266   0.01613 0.0007537
    53/299     3.25G    0.0357    0.0311    0.0029   0.06969        50       640    0.5287    0.8269    0.6901    0.3708   0.04079   0.01643 0.0008763
    54/299     3.25G   0.03516   0.03175  0.002281   0.06919        35       640    0.5492    0.7511    0.6675    0.3288   0.04169   0.01637 0.0008098
    55/299     3.25G   0.03501   0.03049  0.002495   0.06799        50       640    0.4446    0.7509    0.6896    0.3246   0.03927   0.01658 0.0008657
    56/299     3.25G   0.03523   0.03103  0.002189   0.06844        40       640    0.4554    0.5817      0.55    0.2428    0.0482   0.01683 0.0007166
    57/299     3.25G    0.0357   0.03024  0.002029   0.06796        51       640    0.4862    0.8164    0.7185    0.3385   0.03694   0.01661 0.0007273
    58/299     3.25G   0.03454   0.03038  0.002057   0.06697        40       640    0.4763    0.7073    0.6818    0.2813   0.03792   0.01824 0.0006704
    59/299     3.25G   0.03468   0.03053   0.00241   0.06762        49       640    0.5167    0.6945    0.6565    0.3114   0.04035   0.01732  0.001054
    60/299     3.25G   0.03453   0.03085  0.001565   0.06695        39       640    0.4777    0.7028    0.6625    0.3885   0.03949    0.0164 0.0009636
    61/299     3.25G   0.03454   0.03024  0.001804   0.06658        53       640    0.4737    0.7271    0.6692    0.3212   0.03174   0.01667  0.001011
    62/299     3.25G   0.03463   0.03011  0.001903   0.06665        36       640    0.4912    0.7206    0.6797    0.3443   0.04017    0.0164 0.0007359
    63/299     3.25G   0.03469   0.03111  0.002425   0.06822        32       640    0.3676    0.3636    0.3224    0.1143   0.06243   0.02105    0.0035
    64/299     3.25G   0.03471   0.03033  0.001949   0.06699        41       640    0.5259    0.8164    0.7196    0.3601   0.04158   0.01588 0.0009132
    65/299     3.25G   0.03438   0.03039  0.002217   0.06698        40       640     0.479    0.6737    0.6403    0.2884   0.04218   0.01603 0.0006326
    66/299     3.25G   0.03421   0.03115  0.002348   0.06771        41       640    0.5123    0.8164    0.6963    0.3589   0.03993   0.01551 0.0006985
    67/299     3.25G    0.0344   0.03008  0.002153   0.06663        43       640    0.5505    0.7872    0.7258    0.3601   0.03719   0.01671 0.0006944
    68/299     3.25G   0.03414   0.03025  0.002129   0.06653        51       640    0.4607    0.8029    0.6554    0.3003   0.04411    0.0171 0.0007644
    69/299     3.25G   0.03445   0.02979  0.002119   0.06636        39       640    0.4887    0.7908    0.6539     0.312   0.03937   0.01699  0.000736
    70/299     3.25G   0.03372   0.02981  0.001926   0.06545        40       640    0.4464    0.7493     0.688    0.3215   0.04145   0.01641  0.001014
    71/299     3.25G   0.03398   0.03029  0.001701   0.06596        40       640    0.4776    0.7965    0.6514    0.3027   0.04205   0.01685 0.0008188
    72/299     3.25G   0.03365   0.03054  0.001687   0.06587        51       640     0.452    0.7034    0.6492    0.3005   0.03994   0.01754  0.000833
    73/299     3.25G   0.03393      0.03  0.001554   0.06549        36       640    0.4519    0.7073    0.6497    0.3016    0.0424   0.01688 0.0007359
    74/299     3.25G   0.03389   0.02988  0.001818   0.06559        41       640    0.5117    0.7547    0.6548    0.3074    0.0424    0.0163 0.0006599
    75/299     3.25G   0.03351   0.02967  0.001668   0.06484        55       640    0.4972    0.7212    0.6832    0.2973   0.04577   0.01569 0.0007645
    76/299     3.25G    0.0334   0.02905   0.00151   0.06396        43       640    0.5019    0.7645    0.7306    0.3351   0.04362    0.0161 0.0007146
    77/299     3.25G   0.03347   0.02903  0.001508   0.06401        53       640    0.4476    0.7139    0.6662    0.3304   0.04236   0.01683 0.0006081
    78/299     3.25G   0.03368   0.02987  0.001291   0.06484        58       640    0.4854    0.7733    0.6487    0.2604   0.04304   0.01817 0.0005598
    79/299     3.25G   0.03337    0.0285  0.001559   0.06342        36       640    0.4906    0.7448    0.6921    0.3569   0.04377   0.01635 0.0007492
    80/299     3.25G   0.03373   0.02941    0.0016   0.06474        54       640     0.531    0.8005    0.6747    0.3031    0.0396   0.01692 0.0006114
    81/299     3.25G    0.0338   0.02924  0.002096   0.06513        36       640    0.5463    0.7444    0.6888    0.3158   0.04222   0.01703  0.001396
    82/299     3.25G   0.03325   0.02855  0.001654   0.06345        31       640    0.5159    0.8088    0.7216    0.3463   0.04229   0.01636 0.0005716
    83/299     3.25G    0.0338   0.02948   0.00226   0.06554        41       640    0.5176    0.7459    0.6993    0.3477   0.03436   0.01664  0.001176
    84/299     3.25G   0.03393   0.03024  0.001929    0.0661        44       640    0.4296    0.7732    0.6063    0.2731   0.03982   0.01798  0.001271
    85/299     3.25G   0.03325    0.0297  0.001676   0.06462        52       640    0.4795    0.7324    0.6655    0.2556   0.04788   0.01753 0.0005578
    86/299     3.25G   0.03311   0.02951  0.001674   0.06429        46       640    0.4241    0.6952    0.5754    0.2434   0.04077   0.01698 0.0006349
    87/299     3.25G   0.03246   0.02922  0.001594   0.06327        37       640     0.502    0.7311    0.6773    0.3274   0.04456    0.0165 0.0005758
    88/299     3.25G   0.03275   0.02894   0.00166   0.06335        42       640    0.4502    0.7781    0.7263    0.3275   0.04168   0.01695 0.0006364
    89/299     3.25G   0.03331   0.02961  0.001638   0.06455        45       640      0.49     0.795    0.6549    0.3208   0.03804   0.01699 0.0007385
    90/299     3.25G   0.03321   0.02951   0.00174   0.06447        27       640    0.4626    0.8387    0.7285    0.3572   0.03739   0.01711  0.000588
    91/299     3.25G   0.03199   0.02895  0.001712   0.06265        38       640    0.4621      0.65    0.6066    0.2422   0.04139   0.01805 0.0005703
    92/299     3.25G   0.03258   0.02916  0.001718   0.06346        43       640    0.4864    0.8343    0.6655     0.292   0.03567   0.01678 0.0007702
    93/299     3.25G   0.03241   0.02916  0.001582   0.06316        42       640    0.4703    0.7831    0.6294    0.3346   0.03724   0.01724 0.0005762
    94/299     3.25G   0.03235   0.02912  0.001748   0.06321        39       640    0.5073    0.7918    0.6399    0.3457   0.03411   0.01668 0.0007391
    95/299     3.25G   0.03216   0.02909  0.001817   0.06306        37       640    0.4912    0.8906    0.7041    0.3572   0.03754   0.01527  0.000437
    96/299     3.25G   0.03233    0.0286  0.001549   0.06248        49       640    0.5051    0.7914    0.7025    0.3186   0.04221   0.01583 0.0004513
    97/299     3.25G   0.03217   0.02862  0.001914   0.06271        46       640    0.4475    0.7053    0.6355    0.3024   0.03812     0.018 0.0005488
    98/299     3.25G   0.03185   0.02928  0.001974   0.06311        58       640    0.4651    0.7942    0.6779    0.3323   0.03898   0.01639  0.000576
    99/299     3.25G   0.03236   0.02941  0.001495   0.06326        39       640     0.435     0.782    0.7054    0.3399   0.04094   0.01602 0.0006131
   100/299     3.25G   0.03208   0.02833  0.001355   0.06177        48       640    0.4576    0.7243    0.5881    0.2863   0.03675   0.01687 0.0005485
   101/299     3.25G   0.03246   0.02883  0.001419   0.06271        44       640     0.529    0.8137    0.7108    0.3408   0.03669   0.01669 0.0005555
   102/299     3.25G   0.03232   0.02875  0.001247   0.06232        36       640    0.5136    0.7996    0.6602    0.2799   0.04096   0.01701 0.0007627
   103/299     3.25G   0.03143   0.02867  0.001674   0.06177        38       640    0.5625     0.767    0.6622    0.2977   0.03682   0.01693 0.0005518
   104/299     3.25G   0.03177   0.02799  0.001435    0.0612        63       640     0.452    0.7016    0.6803    0.3708   0.03606     0.016 0.0006285
   105/299     3.25G   0.03133   0.02786  0.001566   0.06075        49       640    0.4448    0.7715    0.6329    0.3072   0.03659   0.01624  0.000478
   106/299     3.25G   0.03144   0.02827  0.001217   0.06092        43       640    0.4902    0.7224    0.6492    0.3492   0.03656   0.01684 0.0005651
   107/299     3.25G   0.03118   0.02776  0.001067   0.06001        39       640    0.4782     0.772    0.6829    0.3452   0.03759   0.01697 0.0005506
   108/299     3.25G   0.03129   0.02839  0.001274   0.06095        43       640    0.4672    0.7697    0.6839    0.3325   0.03588   0.01656 0.0005728
   109/299     3.25G   0.03211   0.02845  0.001405   0.06196        42       640    0.5294    0.7002    0.6154    0.2476    0.0406   0.01795  0.000824
   110/299     3.25G    0.0311   0.02799  0.002059   0.06114        32       640    0.4677    0.8345    0.7252    0.3528   0.03825    0.0169  0.000633
   111/299     3.25G   0.03211    0.0278  0.001238   0.06115        46       640    0.5014    0.7263    0.5977    0.2953   0.04147    0.0175 0.0006498
   112/299     3.25G   0.03146   0.02811  0.001323   0.06089        43       640    0.4779    0.8062    0.6652    0.3376   0.03972   0.01713 0.0006793
   113/299     3.25G   0.03123    0.0284  0.001214   0.06085        49       640     0.456    0.8292    0.6506    0.3331    0.0419     0.018 0.0006292
   114/299     3.25G   0.03102   0.02813  0.001363   0.06052        44       640      0.51    0.8045    0.6878    0.3099   0.03888   0.01641 0.0005697
   115/299     3.25G   0.03125   0.02767  0.001356   0.06028        35       640    0.4863    0.7942    0.6661    0.3464   0.04048   0.01607 0.0004998
   116/299     3.25G   0.03143   0.02762  0.001486   0.06054        39       640    0.4581     0.809    0.7454    0.4125   0.04015   0.01576 0.0007171
   117/299     3.25G   0.03118   0.02742  0.001513   0.06011        26       640    0.4511    0.7368    0.5955    0.2697   0.04021    0.0166  0.000621
   118/299     3.25G   0.03095   0.02791  0.001198   0.06006        50       640    0.5018    0.7452    0.6608    0.3329   0.04193   0.01548 0.0006033
   119/299     3.25G   0.03097   0.02747  0.001564   0.06001        44       640    0.5042    0.8107    0.7192    0.3656     0.042   0.01526  0.000537
   120/299     3.25G   0.03103   0.02823  0.001611   0.06087        48       640    0.4785    0.7717    0.6825    0.3331   0.04354   0.01605 0.0005744
   121/299     3.25G   0.03046   0.02814  0.001476   0.06008        33       640    0.5038     0.733    0.6999    0.3383   0.04357   0.01593 0.0004842
   122/299     3.25G   0.03084   0.02754  0.001547   0.05993        34       640    0.4823    0.8233    0.6944    0.3456   0.03964   0.01536 0.0004792
   123/299     3.25G   0.03054   0.02795  0.001392   0.05988        39       640    0.5116    0.8373    0.6762    0.3695   0.04194   0.01534 0.0008961
   124/299     3.25G   0.03074   0.02756  0.001119   0.05941        49       640    0.4733    0.7979    0.6823    0.3508    0.0429   0.01633 0.0004835
   125/299     3.25G   0.03031   0.02711  0.001139   0.05855        45       640    0.5042    0.8222    0.6732    0.3278   0.04277   0.01682 0.0005472
   126/299     3.25G   0.03065   0.02735  0.001353   0.05935        60       640    0.4887    0.7704    0.6576    0.3419   0.04255   0.01763 0.0005658
   127/299     3.25G   0.03049   0.02719  0.001184   0.05886        31       640    0.4997    0.8261    0.7202    0.3374   0.04136   0.01746 0.0005351
   128/299     3.25G   0.03077   0.02779   0.00113   0.05969        46       640    0.5051    0.8372    0.6971    0.3436   0.04409   0.01563  0.000486
   129/299     3.25G   0.03058   0.02764  0.001477    0.0597        46       640    0.4453    0.7224    0.7118    0.3605   0.04267   0.01648 0.0004085
   130/299     3.25G   0.03026   0.02785 0.0009203   0.05903        37       640    0.4754    0.8557    0.7278    0.3758   0.04093   0.01608 0.0003938
   131/299     3.25G   0.03026   0.02765  0.001164   0.05907        51       640    0.5094    0.8077     0.699     0.328   0.04226   0.01613  0.000484
   132/299     3.25G   0.02983    0.0269  0.001044   0.05778        42       640    0.5074    0.8206    0.7475    0.3328   0.04439   0.01614 0.0004441
   133/299     3.25G   0.03015   0.02666 0.0008965   0.05771        45       640    0.4538    0.7414    0.7209    0.3489   0.04327   0.01621 0.0003959
   134/299     3.25G   0.03052   0.02739  0.001202   0.05911        37       640    0.5081    0.8014    0.7292    0.3322   0.04349   0.01775 0.0005512
   135/299     3.25G   0.03004   0.02683  0.001333   0.05821        37       640    0.4849    0.8692    0.7561    0.3674   0.04392   0.01443 0.0004159
   136/299     3.25G   0.03008   0.02721  0.001013    0.0583        54       640    0.4691    0.7168    0.6389     0.312   0.04494   0.01667 0.0003757
   137/299     3.25G    0.0296   0.02681  0.001005   0.05742        51       640    0.4589    0.6647    0.6165    0.2926   0.04273   0.01733 0.0003552
   138/299     3.25G   0.02935   0.02621 0.0008877   0.05644        42       640    0.4981    0.7927    0.6813    0.3466   0.04188   0.01693 0.0003685
   139/299     3.25G   0.03054   0.02611 0.0009956   0.05764        45       640    0.5471    0.8005    0.7221    0.3417   0.04355   0.01673 0.0004104
   140/299     3.25G   0.02992   0.02647  0.001217   0.05761        33       640    0.4921    0.7916    0.6568      0.34   0.04117   0.01789 0.0004025
   141/299     3.25G   0.02932   0.02671 0.0009115   0.05694        42       640    0.4702    0.8036    0.7081    0.3235   0.04297   0.01666 0.0003738
   142/299     3.25G   0.02986   0.02665  0.001086   0.05759        38       640    0.4678    0.7748    0.6295    0.2808   0.04023    0.0172 0.0004373
   143/299     3.25G   0.02967   0.02658  0.001095   0.05734        37       640    0.5069    0.7545    0.7205    0.3204   0.04121   0.01774 0.0004736
   144/299     3.25G   0.02973    0.0266  0.001212   0.05755        45       640    0.4963      0.78    0.7057      0.34   0.04176   0.01743 0.0004968
   145/299     3.25G   0.02968   0.02693  0.001126   0.05774        52       640    0.4877    0.7437     0.697     0.338   0.04204   0.01793 0.0004485
   146/299     3.25G   0.02932   0.02615 0.0008214   0.05629        47       640    0.4823    0.7355    0.6392    0.2994   0.04287   0.01746 0.0003953
   147/299     3.25G   0.02954   0.02617 0.0009956   0.05671        44       640    0.4761    0.6766    0.6294    0.2968   0.04103   0.01892 0.0004509
   148/299     3.25G   0.02935   0.02665  0.001168   0.05718        54       640    0.5265    0.8006    0.6946    0.3444   0.04189   0.01732 0.0004724
   149/299     3.25G   0.02978   0.02611 0.0009342   0.05682        41       640    0.5667    0.7965    0.7327    0.3509   0.04317   0.01805 0.0004706
   150/299     3.25G    0.0296   0.02649  0.001071   0.05716        37       640    0.5001    0.7622    0.6722    0.3161   0.04039   0.01621 0.0003742
   151/299     3.25G   0.02945   0.02631  0.001106   0.05687        37       640     0.443    0.7239    0.5743    0.2585   0.04372   0.01668 0.0003785
   152/299     3.25G   0.02956   0.02709  0.001006   0.05766        52       640    0.4977    0.7547    0.6797     0.351   0.04082   0.01661 0.0003641
   153/299     3.25G   0.02896   0.02708 0.0007902   0.05683        54       640    0.4977    0.7628     0.675    0.3534   0.04442   0.01726 0.0003804
   154/299     3.25G   0.02892   0.02675 0.0008422   0.05651        38       640    0.4736    0.7785    0.6557    0.2617   0.04697   0.01731 0.0003937
   155/299     3.25G   0.02911   0.02653  0.001281   0.05692        47       640    0.5465    0.7911     0.729    0.3649   0.04199   0.01692 0.0004945
   156/299     3.25G   0.02878   0.02633  0.001173   0.05627        34       640    0.5196    0.7599    0.6474     0.348   0.04127   0.01724 0.0005898
   157/299     3.25G   0.02854   0.02609 0.0008756    0.0555        33       640     0.517    0.7756    0.6992    0.3051   0.04527   0.01651 0.0004413
   158/299     3.25G   0.02854   0.02584  0.001018    0.0554        35       640    0.4791    0.8077    0.7469    0.3416   0.04246   0.01724 0.0004901
   159/299     3.25G   0.02906   0.02653  0.001044   0.05663        51       640    0.5026    0.8248    0.7415    0.3404   0.04057   0.01726 0.0003904
   160/299     3.25G   0.02925    0.0263  0.001081   0.05663        51       640    0.5301    0.8415    0.6926    0.3385   0.04283   0.01824 0.0003876
   161/299     3.25G   0.02869    0.0254  0.001014    0.0551        44       640    0.5296    0.7773     0.673    0.3262   0.04246   0.01676 0.0003156
   162/299     3.25G   0.02869   0.02657  0.001053   0.05632        44       640    0.5494    0.8467    0.7589    0.3632   0.04123   0.01733 0.0003363
   163/299     3.25G   0.02841   0.02611  0.001061   0.05558        47       640    0.5514    0.7633    0.7068     0.343   0.04266   0.01697 0.0003289
   164/299     3.25G   0.02861   0.02603 0.0008896   0.05553        29       640    0.4989    0.7451    0.7079     0.348   0.04047    0.0172 0.0003067
   165/299     3.25G   0.02809   0.02647 0.0009253   0.05548        46       640    0.5622    0.8249    0.6996    0.3395   0.04233   0.01726 0.0005344
   166/299     3.25G   0.02846   0.02587  0.001066    0.0554        47       640    0.4923    0.8063    0.7425    0.3845   0.04033   0.01681 0.0004982
   167/299     3.25G   0.02786   0.02533 0.0009003   0.05409        50       640    0.5249    0.7788    0.7011    0.3542   0.04148   0.01613 0.0003202
   168/299     3.25G   0.02843   0.02561 0.0008862   0.05492        43       640    0.4861    0.8271    0.7231    0.3756   0.03964   0.01671 0.0003029
   169/299     3.25G   0.02833   0.02586  0.001229   0.05542        46       640    0.5084    0.8104    0.7023    0.3395   0.04159   0.01667 0.0003883
   170/299     3.25G   0.02822   0.02551 0.0009233   0.05465        40       640    0.4601    0.7635    0.6783    0.3475   0.04083   0.01641 0.0004284
   171/299     3.25G   0.02841   0.02569 0.0009921   0.05509        47       640    0.5295    0.8343    0.7226    0.3738   0.04264    0.0163 0.0003156
   172/299     3.25G   0.02842   0.02543 0.0008513    0.0547        40       640    0.5265    0.7857    0.6989    0.3495   0.04246   0.01767 0.0003825
   173/299     3.25G   0.02836   0.02575  0.001063   0.05517        38       640    0.4671    0.7323    0.6659     0.362    0.0413   0.01697 0.0003759
   174/299     3.25G    0.0278   0.02556 0.0009332   0.05429        40       640    0.5037    0.7256    0.7023    0.3243   0.04157    0.0166 0.0003547
   175/299     3.25G   0.02842   0.02592  0.001221   0.05556        56       640    0.5169    0.8372    0.7138    0.3711   0.04161   0.01587 0.0003898
   176/299     3.25G   0.02764   0.02537 0.0008047   0.05382        45       640    0.4984    0.7536    0.7146    0.3475   0.04275   0.01717 0.0003665
   177/299     3.25G   0.02787   0.02531  0.001148   0.05433        32       640    0.4864    0.7443     0.667    0.3348   0.04409   0.01813 0.0004032
   178/299     3.25G   0.02782   0.02586  0.000955   0.05463        44       640     0.524    0.8314    0.6777    0.3363   0.04191   0.01746 0.0003378
   179/299     3.25G   0.02707   0.02469 0.0009559   0.05271        46       640    0.5362    0.7743    0.6966    0.3733   0.04184   0.01729 0.0002976
   180/299     3.25G   0.02734    0.0254 0.0007603    0.0535        42       640    0.5182    0.7327     0.658     0.324   0.03718   0.01817 0.0002853
   181/299     3.25G   0.02731   0.02564 0.0007707   0.05372        45       640    0.5155    0.7952    0.7182    0.3465   0.04104   0.01806 0.0003232
   182/299     3.25G   0.02709   0.02549 0.0007316   0.05331        38       640    0.5338    0.8123    0.7287    0.3366   0.04142    0.0179 0.0002632
   183/299     3.25G    0.0276   0.02486  0.000767   0.05323        44       640    0.5089    0.8189    0.7473    0.3614   0.04211   0.01668 0.0002613
   184/299     3.25G    0.0279     0.025 0.0009619   0.05386        46       640    0.4859    0.7645    0.6656    0.3369   0.04297   0.01716 0.0002736
   185/299     3.25G   0.02737   0.02512 0.0007221   0.05322        40       640    0.4563    0.8078    0.6956    0.3568   0.04204   0.01712 0.0002916
   186/299     3.25G   0.02762   0.02529 0.0008487   0.05376        55       640    0.4659    0.7675    0.6788    0.3355   0.04372   0.01674 0.0003284
   187/299     3.25G   0.02764   0.02516  0.001032   0.05383        40       640    0.5108     0.798    0.7191    0.3536   0.04306   0.01737 0.0002946
   188/299     3.25G   0.02715    0.0243  0.001089   0.05254        39       640    0.4947    0.7554    0.6826    0.3483   0.04118   0.01697 0.0003213
   189/299     3.25G   0.02678    0.0253 0.0009378   0.05302        58       640    0.5026     0.784    0.7068    0.3598   0.04312   0.01735 0.0002811
   190/299     3.25G   0.02677   0.02433 0.0006662   0.05176        47       640    0.4897    0.7645    0.6824    0.3276   0.04337   0.01804  0.000263
   191/299     3.25G   0.02744   0.02424 0.0008479   0.05253        29       640     0.471    0.7719    0.6639    0.3504   0.04445   0.01687 0.0002729
   192/299     3.25G   0.02685   0.02514 0.0008503   0.05284        44       640    0.4678    0.7733    0.6837     0.357   0.04142    0.0174 0.0003456
   193/299     3.25G   0.02729   0.02549 0.0009708   0.05374        40       640    0.5334    0.8173       0.7    0.3526   0.04274   0.01676 0.0003426
   194/299     3.25G   0.02667   0.02466  0.001011   0.05235        32       640    0.5251    0.8358    0.7246    0.3773   0.04265   0.01701 0.0004012
   195/299     3.25G   0.02711    0.0242  0.001518   0.05283        38       640    0.5014    0.8248    0.6638    0.3439   0.04277   0.01753 0.0003368
   196/299     3.25G   0.02667   0.02458  0.001011   0.05226        40       640    0.5176     0.815    0.6998    0.3532   0.04489   0.01747 0.0002862
   197/299     3.25G   0.02648   0.02494 0.0007424   0.05216        31       640    0.4957    0.7825    0.7026    0.3461   0.04346   0.01711 0.0002597
   198/299     3.25G   0.02627   0.02423  0.000861   0.05137        52       640    0.5557    0.8071    0.7175    0.3465   0.04409    0.0165 0.0002632
   199/299     3.25G    0.0266    0.0243 0.0009326   0.05184        41       640    0.5082    0.7866    0.7486    0.3875    0.0424   0.01692  0.000291
   200/299     3.25G   0.02676    0.0245 0.0008479   0.05211        38       640    0.5214    0.7884     0.733    0.3737   0.04329   0.01638 0.0002821
   201/299     3.25G   0.02693   0.02457 0.0009564   0.05245        40       640    0.4918    0.7825    0.7165    0.3581    0.0424   0.01754 0.0002879
   202/299     3.25G   0.02695   0.02482 0.0008538   0.05262        42       640    0.4921     0.815    0.7512    0.3771   0.04348   0.01728 0.0002727
   203/299     3.25G   0.02632   0.02412 0.0009002   0.05134        52       640    0.4783    0.7407    0.6827     0.352   0.04403   0.01769 0.0002943
   204/299     3.25G    0.0266   0.02429 0.0008053    0.0517        53       640    0.5321     0.793    0.7051     0.328   0.04483   0.01776 0.0002573
   205/299     3.25G   0.02624   0.02446  0.000911   0.05162        58       640    0.5593    0.7965     0.741    0.3259   0.04559   0.01766 0.0002463
   206/299     3.25G   0.02591   0.02408 0.0008043    0.0508        46       640      0.56    0.7763    0.7424    0.3439   0.04381   0.01736 0.0002337
   207/299     3.25G   0.02625    0.0244 0.0006868   0.05134        51       640    0.5026    0.7945    0.7244    0.3531   0.04196   0.01742 0.0002722
   208/299     3.25G   0.02617   0.02417 0.0009742   0.05132        50       640    0.4917     0.816    0.7222    0.3548   0.04371   0.01694 0.0002548
   209/299     3.25G   0.02628     0.024 0.0008055   0.05108        41       640    0.4881    0.7374     0.657    0.3288   0.04313   0.01764  0.000285
   210/299     3.25G    0.0259   0.02416 0.0007988   0.05086        53       640    0.5328       0.8    0.7096    0.3197   0.04313   0.01806 0.0002809
   211/299     3.25G   0.02606   0.02354 0.0006767   0.05028        38       640     0.516    0.7965    0.6973    0.3511   0.04123   0.01795  0.000269
   212/299     3.25G   0.02643   0.02395   0.00108   0.05146        47       640    0.4985    0.7743    0.6914    0.3408    0.0419   0.01777 0.0002817
   213/299     3.25G   0.02621   0.02442 0.0006627    0.0513        42       640    0.5181    0.7638    0.6987    0.3476   0.04229   0.01894 0.0003239
   214/299     3.25G   0.02599   0.02339 0.0005818   0.04996        43       640    0.5369    0.7797    0.7234    0.3358   0.04373    0.0185 0.0002799
   215/299     3.25G   0.02575   0.02369 0.0009221   0.05036        40       640    0.5372    0.7756    0.7083    0.3268   0.04186   0.01919 0.0002934
   216/299     3.25G   0.02574    0.0239 0.0008651   0.05051        59       640    0.5012    0.7433    0.6926    0.3362   0.04302   0.01783 0.0002986
   217/299     3.25G   0.02596   0.02428 0.0006907   0.05093        27       640    0.5014    0.7658    0.7059    0.3518   0.04205   0.01852 0.0003334
   218/299     3.25G   0.02586   0.02409 0.0008376   0.05079        58       640    0.5429    0.7739    0.7128    0.3399   0.04349   0.01803 0.0002883
   219/299     3.25G    0.0255   0.02375 0.0007089   0.04996        56       640    0.5492    0.7867    0.7241    0.3487   0.04315   0.01887 0.0002757
   220/299     3.25G   0.02596   0.02374 0.0005543   0.05026        31       640    0.5119    0.7547    0.7194    0.3742   0.04228   0.01772 0.0002604
   221/299     3.25G   0.02527    0.0241 0.0006952   0.05006        36       640    0.5012    0.7756    0.7069    0.3555   0.04174    0.0175 0.0002844
   222/299     3.25G   0.02522   0.02386 0.0008367   0.04992        46       640    0.4915    0.7756    0.6958    0.3617   0.04188   0.01826 0.0003272
   223/299     3.25G   0.02569   0.02325 0.0007164   0.04965        59       640    0.5308    0.7742    0.6932    0.3713   0.04213   0.01845 0.0002788
   224/299     3.25G   0.02534   0.02352 0.0007413    0.0496        49       640    0.5383    0.7756    0.6581    0.3592   0.04337     0.019 0.0002932
   225/299     3.25G   0.02547   0.02305 0.0007595   0.04928        41       640    0.5227    0.7756    0.6683    0.3606    0.0425   0.01917 0.0002885
   226/299     3.25G    0.0258   0.02391 0.0007684   0.05048        39       640    0.5118    0.7756    0.6797    0.3563   0.04281   0.01899 0.0002577
   227/299     3.25G   0.02489   0.02338 0.0005952   0.04887        48       640    0.4873    0.7854    0.6904    0.3556    0.0427   0.01899 0.0002454
   228/299     3.25G   0.02541   0.02372 0.0006713   0.04981        40       640    0.4849    0.7547     0.698    0.3474   0.04272   0.01887 0.0002523
   229/299     3.25G   0.02479   0.02366  0.000799   0.04925        36       640    0.5092    0.7645     0.698    0.3478   0.04279   0.01959 0.0003039
   230/299     3.25G   0.02551   0.02379 0.0006522   0.04995        37       640    0.5242    0.7818    0.7223    0.3614   0.04411   0.01897 0.0002635
   231/299     3.25G    0.0257   0.02396 0.0006891   0.05035        50       640    0.5058     0.803    0.7161    0.3579   0.04345   0.01771  0.000256
   232/299     3.25G   0.02525   0.02284 0.0008903   0.04898        39       640     0.536    0.8062    0.6935    0.3714   0.04224   0.01852 0.0002632
   233/299     3.25G   0.02539   0.02385 0.0008561   0.05009        54       640     0.499    0.7854    0.7115    0.3497   0.04184   0.01799 0.0002608
   234/299     3.25G   0.02516   0.02338 0.0006718   0.04921        30       640    0.4948    0.8063    0.7437    0.3772   0.04177   0.01806 0.0002691
   235/299     3.25G    0.0248   0.02331 0.0008461   0.04895        50       640     0.514    0.7965    0.7539    0.3933    0.0413   0.01801 0.0002536
   236/299     3.25G   0.02501   0.02347 0.0006692   0.04916        56       640    0.5195    0.7854    0.7214    0.3693   0.04091   0.01818 0.0002612
   237/299     3.25G   0.02448   0.02319 0.0007694   0.04845        29       640    0.5233    0.7965    0.7079    0.3616   0.04122    0.0183 0.0002736
   238/299     3.25G   0.02475   0.02362 0.0006095   0.04898        53       640      0.52    0.7626    0.7003     0.366   0.04358   0.01765 0.0002459
   239/299     3.25G   0.02485   0.02319  0.000544   0.04858        37       640    0.4935     0.779    0.7315      0.37   0.04412   0.01704 0.0002584
   240/299     3.25G   0.02469   0.02278 0.0004582   0.04793        45       640    0.5046    0.7518    0.7152    0.3547   0.04385   0.01815 0.0002929
   241/299     3.25G   0.02432   0.02231 0.0005785   0.04721        29       640    0.5285    0.7849    0.7172    0.3626   0.04374    0.0181 0.0003388
   242/299     3.25G   0.02483   0.02354 0.0005591   0.04893        50       640    0.5221    0.7756    0.7174    0.3666   0.04353   0.01787 0.0003052
   243/299     3.25G   0.02436   0.02329 0.0007321   0.04839        40       640    0.5114    0.7756    0.7207     0.365   0.04333   0.01768 0.0002585
   244/299     3.25G   0.02513   0.02326 0.0005662   0.04895        37       640    0.5121    0.7854    0.6918    0.3389   0.04349   0.01826 0.0002436
   245/299     3.25G   0.02503   0.02292  0.000672   0.04862        43       640    0.5071    0.7854    0.6754    0.3351   0.04398   0.01815 0.0002435
   246/299     3.25G   0.02507   0.02352 0.0005568   0.04915        41       640    0.5096    0.7829    0.6949    0.3393    0.0445    0.0184 0.0002752
   247/299     3.25G   0.02456   0.02265 0.0007569   0.04797        50       640    0.5373    0.8036    0.7142    0.3431   0.04394   0.01866 0.0002947
   248/299     3.25G   0.02507   0.02331 0.0006891   0.04907        60       640    0.5114    0.8063    0.7266    0.3498   0.04463   0.01842 0.0002632
   249/299     3.25G   0.02425   0.02264 0.0007648   0.04765        33       640    0.4885    0.8063    0.7254    0.3531   0.04393   0.01854 0.0002267
   250/299     3.25G   0.02466   0.02333 0.0007868   0.04878        49       640    0.4979    0.7965    0.7275    0.3531   0.04432   0.01797 0.0002246
   251/299     3.25G   0.02413   0.02249  0.000714   0.04733        40       640    0.5403    0.7965    0.7217    0.3536   0.04331   0.01859 0.0002306
   252/299     3.25G   0.02457   0.02304 0.0008334   0.04845        40       640    0.5171    0.7837    0.7199    0.3607   0.04351   0.01877 0.0002373
   253/299     3.25G   0.02459   0.02287 0.0007558   0.04822        44       640    0.5415    0.7965    0.7243    0.3757   0.04343   0.01845 0.0002472
   254/299     3.25G   0.02478   0.02278 0.0005267   0.04808        35       640     0.529    0.7952    0.7295    0.3678   0.04339   0.01784 0.0002302
   255/299     3.25G   0.02397   0.02222   0.00044   0.04663        44       640    0.5121    0.7952    0.7187    0.3642   0.04372   0.01736 0.0002148
   256/299     3.25G   0.02478   0.02236 0.0004915   0.04763        41       640    0.4951    0.7952     0.699    0.3598   0.04402   0.01747 0.0002233
   257/299     3.25G    0.0242   0.02217 0.0004849   0.04685        44       640    0.5054    0.7952    0.7187    0.3646    0.0442   0.01726 0.0002324
   258/299     3.25G   0.02382   0.02272 0.0005007   0.04704        44       640    0.5048    0.7952    0.7268    0.3709   0.04424   0.01717 0.0002442
   259/299     3.25G   0.02406   0.02282 0.0007943   0.04767        41       640    0.5144    0.7952     0.733    0.3658   0.04337   0.01735 0.0002782
   260/299     3.25G   0.02405   0.02274 0.0006055   0.04739        44       640    0.5132    0.8063    0.7495    0.3723   0.04267   0.01752 0.0002774
   261/299     3.25G   0.02403   0.02292 0.0007439   0.04769        38       640    0.5057    0.8063    0.7443    0.3766   0.04213   0.01783 0.0002992
   262/299     3.25G   0.02409   0.02315  0.000594   0.04783        43       640    0.5296    0.8063    0.7558    0.3785   0.04242   0.01762 0.0003422
   263/299     3.25G   0.02388   0.02217 0.0009264   0.04698        33       640    0.5119    0.8054    0.7713    0.3971   0.04284   0.01731 0.0002497
   264/299     3.25G   0.02403   0.02285 0.0006741   0.04756        44       640    0.5013    0.7952     0.734     0.375   0.04254   0.01781 0.0002324
   265/299     3.25G   0.02394   0.02223 0.0006071   0.04678        45       640    0.5279    0.8063    0.7395    0.3595   0.04229   0.01772 0.0002322
   266/299     3.25G   0.02389   0.02243 0.0005782    0.0469        44       640     0.506    0.8062    0.7249    0.3419   0.04297   0.01817 0.0002329
   267/299     3.25G   0.02369    0.0222 0.0004723   0.04636        46       640    0.5083    0.7645    0.7003    0.3349    0.0429   0.01807 0.0002196
   268/299     3.25G   0.02354   0.02273 0.0005269    0.0468        49       640    0.5261    0.7854    0.7011    0.3569   0.04252   0.01751 0.0002057
   269/299     3.25G    0.0235   0.02195 0.0005296   0.04598        40       640    0.5306    0.8034    0.7188    0.3621   0.04264   0.01788 0.0002023
   270/299     3.25G    0.0237   0.02233 0.0006722    0.0467        35       640    0.5009    0.8137    0.7195    0.3556   0.04279   0.01797 0.0002025
   271/299     3.25G   0.02402    0.0224  0.000752   0.04718        36       640    0.5376    0.8248    0.7633    0.3685   0.04308    0.0177 0.0002095
   272/299     3.25G   0.02371   0.02208 0.0005644   0.04636        35       640    0.4998    0.7854    0.7444    0.3591   0.04319   0.01762 0.0002082
   273/299     3.25G    0.0234   0.02226 0.0005871   0.04625        33       640    0.5275    0.7952    0.7644    0.3638   0.04355   0.01758  0.000199
   274/299     3.25G   0.02356   0.02198 0.0005124   0.04605        35       640    0.5155    0.7952    0.7686    0.3761   0.04354   0.01777 0.0001909
   275/299     3.25G   0.02356   0.02192 0.0005408   0.04601        38       640    0.5067    0.8137    0.7579    0.3716   0.04337   0.01784 0.0001894
   276/299     3.25G   0.02319   0.02196 0.0004888   0.04564        46       640    0.5347    0.8039    0.7192    0.3513   0.04302   0.01848 0.0001994
   277/299     3.25G   0.02379   0.02181 0.0007113   0.04631        39       640     0.528    0.8062    0.7276    0.3517   0.04254    0.0183 0.0001982
   278/299     3.25G   0.02336   0.02226 0.0006387   0.04626        34       640    0.5108    0.8247     0.731    0.3596   0.04305   0.01831 0.0002252
   279/299     3.25G   0.02343   0.02228 0.0004612   0.04618        52       640    0.5172    0.8201    0.7162    0.3538   0.04293    0.0182 0.0002306
   280/299     3.25G   0.02335   0.02255 0.0006901   0.04659        56       640    0.5157    0.8039    0.7385    0.3825   0.04287   0.01796 0.0002423
   281/299     3.25G   0.02363    0.0219 0.0006007   0.04613        49       640    0.4977    0.7854    0.7215    0.3731     0.043   0.01788 0.0002373
   282/299     3.25G   0.02325    0.0225 0.0004153   0.04616        42       640    0.5206    0.7854    0.7366    0.3763   0.04268   0.01802 0.0002327
   283/299     3.25G   0.02332   0.02205 0.0004305    0.0458        48       640    0.5171    0.7854     0.741    0.3854   0.04264   0.01788 0.0002477
   284/299     3.25G   0.02316   0.02172  0.000654   0.04554        29       640    0.5167    0.7859    0.7576    0.4001   0.04263   0.01756 0.0002553
   285/299     3.25G   0.02314    0.0218 0.0005672   0.04551        49       640    0.5294    0.8039    0.7513    0.4011   0.04305   0.01733  0.000252
   286/299     3.25G   0.02308   0.02167 0.0005693   0.04532        42       640    0.5349     0.815     0.756    0.3903   0.04304   0.01753 0.0002582
   287/299     3.25G   0.02318   0.02173 0.0003938    0.0453        48       640    0.5306    0.7965    0.7627    0.3921   0.04313   0.01728 0.0002491
   288/299     3.25G   0.02344   0.02166 0.0004007    0.0455        44       640    0.5199    0.7854    0.7482    0.3864    0.0429   0.01769 0.0002502
   289/299     3.25G   0.02325   0.02192 0.0005443   0.04572        35       640    0.5207    0.7854    0.7359    0.3726   0.04312    0.0179 0.0002424
   290/299     3.25G   0.02338    0.0214 0.0005209    0.0453        42       640    0.5175    0.7756     0.742    0.3716   0.04292    0.0179 0.0002482
   291/299     3.25G    0.0235   0.02158 0.0006195   0.04569        39       640    0.5182    0.7867    0.7563     0.377   0.04378   0.01787 0.0002544
   292/299     3.25G   0.02317   0.02128 0.0003931   0.04485        43       640    0.4945    0.7854    0.7341    0.3456   0.04404   0.01785 0.0002409
   293/299     3.25G   0.02303   0.02144 0.0007225   0.04519        40       640    0.4925    0.8039    0.7154    0.3388   0.04401   0.01837 0.0002323
   294/299     3.25G   0.02326   0.02149 0.0006024   0.04536        44       640    0.5068    0.7912    0.7072    0.3376   0.04417   0.01867 0.0002167
   295/299     3.25G   0.02349   0.02206 0.0004895   0.04604        44       640    0.5044    0.7965    0.7391    0.3518   0.04486   0.01869 0.0002047
   296/299     3.25G   0.02323   0.02182 0.0007916   0.04584        40       640    0.5036    0.7965     0.757    0.3511   0.04494   0.01864 0.0002038
   297/299     3.25G   0.02308   0.02146 0.0004863   0.04503        52       640    0.4822    0.7854    0.7358    0.3561   0.04466   0.01831 0.0002013
   298/299     3.25G   0.02285   0.02185 0.0006054   0.04531        44       640    0.4741    0.7854    0.7441    0.3588   0.04444   0.01835 0.0002208
   299/299     3.25G   0.02318   0.02114 0.0004729   0.04479        31       640     0.497    0.7854    0.7449    0.3859   0.04419   0.01832 0.0002382
